Ephrin receptor
MATEGAAQLGNRVAGMVCSLWVLLLVSSVLALEEVLLDTTGETSEIGWLTYPPGGWDEVSVLDDQRRLTRTFEACHVAGAPPGTGQDNWLQTHFVERRGAQRAHIRLHFSVRACSSLGVSGGTCRETFTLYYRQAEEPDSPDSVSSWHLKRWTKVDTIAADESFPSSSSSSSSSSSAAWAVGPHGAGQRAGLQLNVKERSFGPLTQRGFYVAFQDTGACLALVAVRLFSYTCPAVLRSFASFPETQASGAGGASLVAAVGTCVAHAEPEEDGVGGQAGGSPPRLHCNGEGKWMVAVGGCRCQPGYQPARGDKACQACPRGLYKSSAGNAPCSPCPARSHAPNPAAPVCPCLEGFYRASSDPPEAPCTGPPSAPQELWFEVQGSALMLHWRLPRELGGRGDLLFNVVCKECEGRQEPASGGGGTCHRCRDEVHFDPRQRGLTESRVLVGGLRAHVPYILEVQAVNGVSELSPDPPQAAAINVSTSHEVPSAVPVVHQVSRASNSITVSWPQPDQTNGNILDYQLRYYDQAEDESHSFTLTSETNTATVTQLSPGHIYGFQVRARTAAGHGPYGGKVYFQTLPQGELSSQLPERLSLVIGSILGALAFLLLAAITVLAVVFQRKRRGTGYTEQLQQYSSPGLGVKYYIDPSTYEDPCQAIRELAREVDPAYIKIEEVIGTGSFGEVRQGRLQPRGRREQTVAIQALWAGGAESLQMTFLGRAAVLGQFQHPNILRLEGVVTKSRPLMVLTEFMELGPLDSFLRQREGQFSSLQLVAMQRGVAAAMQYLSSFAFVHRSLSAHSVLVNSHLVCKVARLGHSPQGPSCLLRWAAPEVIAHGKHTTSSDVWSFGILMWEVMSYGERPYWDMSEQEVLNAIEQEFRLPPPPGCPPGLHLLMLDTWQKDRARRPHFDQLVAAFDKMIRKPDTLQAGGDPGERPSQALLTPVALDFPCLDSPQAWLSAIGLECYQDNFSKFGLCTFSDVAQLSLEDLPALGITLAGHQKKLLHHIQLLQQHLRQQGSVEV
CO[C@@H]1[C@@H](C[C@H]2O[C@]1(C)n1c3ccccc3c3c4CNC(=O)c4c4c5ccccc5n2c4c13)N(C)C(=O)c1ccccc1	3100.0
C[C@]12O[C@H](C[C@]1(O)CO)n1c3ccccc3c3c4C(=O)NCc4c4c5ccccc5n2c4c13	98.0
CO[C@@H]1[C@@H](C[C@H]2O[C@]1(C)n1c3ccccc3c3c4CNC(=O)c4c4c5ccccc5n2c4c13)N(C)C(=O)c1ccccc1	3100.0
C[C@]12O[C@H](C[C@]1(O)CO)n1c3ccccc3c3c4C(=O)NCc4c4c5ccccc5n2c4c13	98.0
CN[C@@H]1C[C@H]2O[C@@](C)([C@@H]1OC)n1c3ccccc3c3c4CNC(=O)c4c4c5ccccc5n2c4c13	210.0
COC(=O)c1ccc2\C(=C(\Nc3ccc(cc3)N(C)C(=O)CN3CCN(C)CC3)c3ccccc3)C(=O)Nc2c1	140.0
CC(C)(C)c1cc(NC(=O)Nc2ccc(cc2)-c2cn3c(n2)sc2cc(OCCN4CCOCC4)ccc32)no1	1200.0
CO[C@@H]1[C@@H](C[C@H]2O[C@]1(C)n1c3ccccc3c3c4[C@H](O)NC(=O)c4c4c5ccccc5n2c4c13)N(C)C(=O)c1ccccc1	10000.0
CNC(=O)c1cc(Oc2ccc(NC(=O)Nc3ccc(Cl)c(c3)C(F)(F)F)cc2)ccn1	240.0
CCN(CC)CCNC(=O)c1c(C)[nH]c(\C=C2/C(=O)Nc3ccc(F)cc23)c1C	850.0
COc1cc2c(ncnc2cc1OCCCN1CCCCC1)N1CCN(CC1)C(=O)Nc1ccc(OC(C)C)cc1	1300.0
CNC(=O)c1c(F)cccc1Nc1nc(Nc2cc3N(CCc3cc2OC)C(=O)CN(C)C)nc2[nH]ccc12	10000.0
CS(=O)(=O)N1CCN(Cc2cc3nc(nc(N4CCOCC4)c3s2)-c2cccc3[nH]ncc23)CC1	1600.0
CN1CCN(Cc2ccc(cc2)C(=O)Nc2ccc(C)c(Nc3nc(cs3)-c3cccnc3)c2)CC1	10000.0
O=C(N1CCNCC1)c1ccc(\C=C\c2n[nH]c3ccccc23)cc1	130.0
Cc1n[nH]c2ccc(cc12)-c1cncc(OC[C@@H](N)Cc2ccccc2)c1	10000.0
COc1cc(Nc2ncc(F)c(Nc3ccc4OC(C)(C)C(=O)Nc4n3)n2)cc(OC)c1OC	310.0
COc1cc2c(Nc3ccc(Br)cc3F)ncnc2cc1OCC1CCN(C)CC1	76.0
Cc1ccc(cc1)-n1nc(cc1NC(=O)Nc1ccc(OCCN2CCOCC2)c2ccccc12)C(C)(C)C	10000.0
Cn1cc(C2=C(C(=O)NC2=O)c2cn(C3CCN(Cc4ccccn4)CC3)c3ccccc23)c2ccccc12	10000.0
COc1cc(ccc1Nc1ncc(Cl)c(Nc2ccccc2S(=O)(=O)C(C)C)n1)N1CCC(CC1)N1CCN(C)CC1	350.0
CCn1c(nc2c(ncc(OC[C@H]3CCCNC3)c12)C#CC(C)(C)O)-c1nonc1N	10000.0
COCCOc1cc2ncnc(Nc3cccc(c3)C#C)c2cc1OCCOC	1700.0
CN1CCN(Cc2ccc(cc2)C(=O)Nc2ccc(C)c(Nc3nccc(n3)-c3cccnc3)c2)CC1	10000.0
Fc1ccc(C(=O)NOCC2CC2)c(Nc2ccc(I)cc2Cl)c1F	10000.0
Cc1ccc(F)c(NC(=O)Nc2ccc(cc2)-c2cccc3[nH]nc(N)c23)c1	33.0
CSc1cccc(Nc2ncc3cc(-c4c(Cl)cccc4Cl)c(=O)n(C)c3n2)c1	2.0
COc1ccc(COc2ccc(Cc3cnc(N)nc3N)cc2OC)cc1	10000.0
Oc1cccc(c1)-c1nc(N2CCOCC2)c2oc3ncccc3c2n1	10000.0
Cn1cc(cn1)-c1ccc2nnc(Sc3ccc4ncccc4c3)n2n1	10000.0
Cc1[nH]c(\C=C2/C(=O)Nc3ccc(F)cc23)c(C)c1C(=O)NC[C@H](O)CN1CCOCC1	1200.0
CCN(CCO)CCCOc1ccc2c(Nc3cc(CC(=O)Nc4cccc(F)c4)n[nH]3)ncnc2c1	50.0
CC(C)n1nc(-c2cc3cc(O)ccc3[nH]2)c2c(N)ncnc12	9000.0
CNC(=O)c1cc(Oc2ccc(NC(=O)Nc3ccc(Cl)c(c3)C(F)(F)F)cc2)ccn1	240.0
Cc1nc(Nc2ncc(s2)C(=O)Nc2c(C)cccc2Cl)cc(n1)N1CCN(CCO)CC1	0.039
COc1c(Cl)cc2c3ccncc3[nH]c2c1NC(=O)c1cccnc1C	10000.0
Cc1[nH]c(\C=C2/C(=O)Nc3ccc(cc23)S(=O)(=O)Cc2c(Cl)cccc2Cl)c(C)c1C(=O)N1CCC[C@@H]1CN1CCCC1	2900.0
Cn1cnc2c(F)c(Nc3ccc(Br)cc3Cl)c(cc12)C(=O)NOCCO	10000.0
Fc1ccc(Sc2ccc3c(-c4c(Cl)cccc4Cl)c(=O)ncn3n2)c(F)c1	10000.0
CS(=O)(=O)CCNCc1ccc(o1)-c1ccc2ncnc(Nc3ccc(OCc4cccc(F)c4)c(Cl)c3)c2c1	10000.0
CC(C)(C)c1cnc(CSc2cnc(NC(=O)C3CCNCC3)s2)o1	10000.0
C[C@@H](Oc1cc(sc1C(N)=O)-n1cnc2ccc(CN3CCN(C)CC3)cc12)c1ccccc1C(F)(F)F	10000.0
CN(C)C[C@@H]1CCn2cc(C3=C(C(=O)NC3=O)c3cn(CCO1)c1ccccc31)c1ccccc21	10000.0
CN(C)C\C=C\C(=O)Nc1cc2c(Nc3ccc(F)c(Cl)c3)ncnc2cc1O[C@H]1CCOC1	3100.0
C[C@@H](Oc1cc(cnc1N)-c1cnn(c1)C1CCNCC1)c1c(Cl)ccc(F)c1Cl	6.0
Clc1ccc(Nc2nnc(Cc3ccncc3)c3ccccc23)cc1	10000.0
CCCS(=O)(=O)Nc1ccc(F)c(C(=O)c2c[nH]c3ncc(Cl)cc23)c1F	860.0
CC(C)(C)c1cc(NC(=O)Nc2ccc(cc2)-c2cn3c(n2)sc2cc(OCCN4CCOCC4)ccc32)no1	1200.0
COc1cc(Oc2ccnc3cc(OC)c(OC)cc23)ccc1NC(=O)NC(C)c1nccs1	5.0
CCOc1cc2ncc(C#N)c(Nc3ccc(OCc4ccccn4)c(Cl)c3)c2cc1NC(=O)\C=C\CN(C)C	2800.0
Clc1cccc(Cl)c1C(=O)Nc1cn[nH]c1C(=O)NC1CCNCC1	10000.0
Nc1nc(N)c2nc(-c3cccc(O)c3)c(nc2n1)-c1cccc(O)c1	10000.0
COc1cc2c(ncnc2cc1OCCCN1CCCCC1)N1CCN(CC1)C(=O)Nc1ccc(OC(C)C)cc1	1300.0
OCCn1cc(c(n1)-c1ccncc1)-c1ccc2C(CCc2c1)N=O	10000.0
CC1(C)CNc2cc(NC(=O)c3cccnc3NCc3ccncc3)ccc12	10000.0
CNC(=O)c1ccccc1Sc1ccc2c(\C=C\c3ccccn3)n[nH]c2c1	360.0
OC(=O)c1ccc(Nc2ncc3CN=C(c4cc(Cl)ccc4-c3n2)c2c(F)cccc2F)cc1	10000.0
CN1CC[C@@H]([C@H](O)C1)c1c(O)cc(O)c2c1oc(cc2=O)-c1ccccc1Cl	10000.0
CC[C@H]1N(C2CCCC2)c2nc(Nc3ccc(cc3OC)C(=O)NC3CCN(C)CC3)ncc2N(C)C1=O	10000.0
Fc1ccc(Nc2ncnc3cc(OCCCN4CCOCC4)c(NC(=O)C=C)cc23)cc1Cl	640.0
N#CC[C@H](C1CCCC1)n1cc(cn1)-c1ncnc2[nH]ccc12	3100.0
COc1cc2c(Oc3ccc(NC(=O)C4(CC4)C(=O)NC4=CCC(F)C=C4)cc3F)ccnc2cc1OCCCN1CCOCC1	1.3
CN1CCN(CC1)c1ccc2nc([nH]c2c1)-c1c(N)c2c(F)cccc2[nH]c1=O	220.0
Cc1cn(cn1)-c1cc(NC(=O)c2ccc(C)c(Nc3nccc(n3)-c3cccnc3)c2)cc(c1)C(F)(F)F	500.0
C[C@@H](O)COc1cn2ncnc(Oc3ccc4[nH]c(C)cc4c3F)c2c1C	1400.0
CN1CCN(CC1)c1cc(Nc2cc(C)n[nH]2)nc(Sc2ccc(NC(=O)C3CC3)cc2)n1	28.0
CCN1CCN(Cc2ccc(NC(=O)Nc3ccc(Oc4cc(NC)ncn4)cc3)cc2C(F)(F)F)CC1	10000.0
Cc1cnc2c(NCCN)nc3ccc(C)cc3n12	10000.0
CCN(CC)CCNC(=O)c1c(C)[nH]c(\C=C2/C(=O)Nc3ccc(F)cc23)c1C	1000.0
Cc1cnc(Nc2ccc(OCCN3CCCC3)cc2)nc1Nc1cccc(c1)S(=O)(=O)NC(C)(C)C	300.0
COc1ccc(F)c(F)c1C(=O)c1cnc(NC2CCN(CC2)S(C)(=O)=O)nc1N	10000.0
CN(c1ccc2c(C)n(C)nc2c1)c1ccnc(Nc2ccc(C)c(c2)S(N)(=O)=O)n1	81.0
CN(C)CC(=O)N1CCC(CC1)c1ccc(NC(=O)c2ncc([nH]2)C#N)c(c1)C1=CCCCC1	1100.0
C[C@@H]1CCN(C[C@@H]1N(C)c1ncnc2[nH]ccc12)C(=O)CC#N	10000.0
CS(=O)c1ccc(cc1)-c1nc(c([nH]1)-c1ccc(F)cc1)-c1ccncc1	3100.0
COc1cc(Nc2c(cnc3cc(OCCCN4CCN(C)CC4)c(OC)cc23)C#N)c(Cl)cc1Cl	3000.0
Cn1c(Nc2ccc(cc2)C(F)(F)F)nc2cc(Oc3ccnc(c3)-c3ncc([nH]3)C(F)(F)F)ccc12	43.0
COc1cc2ncnc(Nc3ccc(F)c(Cl)c3)c2cc1OCCCN1CCOCC1	3200.0
COc1cc2c(Oc3ccc4[nH]c(C)cc4c3F)ncnc2cc1OCCCN1CCCC1	220.0
