Urea transporter B (UT-B)
MEDIPTMVKVDRGESQILSCRGRRCGLKVLGYVTGDMKEFANWLKDKPVVLQFMDWILRGISQVVFVSNPISGILILAGLLVQNPWWALCGCVGTVVSTLTALLLSQDRSAIAAGLQGYNATLVGILMAVFSDKGDYFWWLIFPVSAMSMTCPVFSSALSSLFSKWDLPVFTLPFNMALSLYLSATGHYNTFFPSKLFMPVSSVPNITWSELSALELLKSLPVGVGQIYGCDNPWTGAIFLCAILLSSPLMCLHAAIGSLLGVIAGLSLAAPFKDIYSGLWGFNSSLACIAIGGMFMALTWQTHLLALACALFTAYFGACMTHLMAAVHLPACTWSFCLATLLFLLLTTENPNIYRMPLSKVTYSEENRIFYLQNKKRVVDSPL
CCOc1ccc(Nc2cc(nc3c(OC)cccc23)C(=O)N2CCCCC2)cc1	16000.0
COc1cccc(CNC(=O)c2ccc3cccc(O)c3n2)c1	50000.0
COc1ccc(Nc2cc(nc3c(OC)cccc23)C(=O)N2CCSCC2)cc1	6200.0
COc1cccc2c(Nc3cccc(SC)c3)cc(nc12)C(=O)N1CCCCC1	20000.0
CCOc1ccc(Nc2cc(nc3c(OC)cccc23)C(=O)N2CCSCC2)cc1	34000.0
COc1ccc(Nc2cc(nc3c(OC)cccc23)C(=O)N2CCSCC2)cc1Cl	27000.0
COc1cccc2c(Nc3ccc(C)c(Cl)c3)cc(nc12)C(=O)N1CCCCC1	50000.0
COc1cccc2c(Nc3ccc(C)c(F)c3)cc(nc12)C(=O)N1CCCCC1	50000.0
CC(=O)OCCOc1ccccc1\C=C1\SC(=N)NC1=O	4800.0
COc1cccc(\C=C2\SC(=N)NC2=O)c1O	6300.0
COc1cccc(\C=C2\SC(=N)NC2=O)c1OC	43000.0
COc1cc(\C=C2\SC(=N)NC2=O)ccc1O	6200.0
COc1ccc(Cc2nc(Nc3ccc(OC)c(OC)c3)nc(SC3=NCCS3)n2)cc1OC	50000.0
CSc1nc(Nc2ccc(Nc3ccccc3)cc2)nc(SC)n1	50000.0
COc1cccc(Nc2nc(Nc3ccc(C)cc3)nc(Sc3ccc(C)cc3)n2)c1	42000.0
CC(C)Nc1nc2c(nnn2c2ccsc12)S(=O)(=O)c1cc(C)ccc1C	15000.0
CNc1nc2c(nnn2c2ccsc12)S(=O)(=O)c1ccccc1	35000.0
Brc1ccc(cc1)S(=O)(=O)c1nnn2c3ccsc3c(N=S3C=CC=C3)nc12	2800.0
CCc1ccc(cc1)S(=O)(=O)c1nnn2c3ccsc3c(NCCCOC)nc12	28000.0
O=C(COCc1ccccc1)Nc1cccc(c1)C(=O)c1cccc(NC(=O)COCc2ccccc2)c1	50000.0
CS(=O)(=O)Nc1cccc(c1)C(=O)c1cccc(NS(C)(=O)=O)c1	30000.0
